0 0.000000
10 0.922603
20 1.774273
30 2.560464
40 3.286210
50 3.956157
60 4.574597
70 5.145489
80 5.672488
90 6.158970
100 6.608050
110 7.022602
120 7.405282
130 7.758541
140 8.084640
150 8.385667
160 8.663550
170 8.920068
180 9.156864
190 9.375455
200 9.577239
210 9.763510
220 9.935459
230 10.094189
240 10.240714
250 10.375974
260 10.500835
270 10.616097
280 10.722496
290 10.820715
300 10.911383
310 10.995080
320 11.072342
330 11.143663
340 11.209502
350 11.270278
360 11.326382
370 11.378172
380 11.425980
390 11.470113
400 11.510852
410 11.548460
420 11.583176
430 11.615223
440 11.644806
450 11.672115
460 11.697324
470 11.720594
480 11.742076
490 11.761906
500 11.780212
510 11.797110
520 11.812709
530 11.827108
540 11.840401
550 11.852671
560 11.863999
570 11.874455
580 11.884107
590 11.893018
600 11.901243
610 11.908836
620 11.915845
630 11.922315
640 11.928287
650 11.933801
660 11.938891
670 11.943589
680 11.947926
690 11.951930
700 11.955625
710 11.959037
720 11.962187
730 11.965094
740 11.967777
750 11.970255
760 11.972542
770 11.974653
780 11.976602
790 11.978401
800 11.980061
810 11.981594
820 11.983009
830 11.984316
840 11.985521
850 11.986635
860 11.987662
870 11.988611
880 11.989486
890 11.990295
900 11.991041
910 11.991730
920 11.992366
930 11.992953
940 11.993494
950 11.993995
960 11.994456
970 11.994882
980 11.995276
990 11.995639
1000 11.995974
