0  0.0
10  3.9561572832875527
20  6.608049529066011
30  8.385666539625282
40  9.577239176582895
50  10.37597441635167
60  10.91138280310131
70  11.270277874119879
80  11.510852499376272
90  11.672114536642477
100  11.780211741971309
110  11.85267148511975
120  11.90124271655137
130  11.933800995400787
140  11.955625468250084
150  11.970254853831326
160  11.98006122688613
170  11.986634637092319
180  11.991040926909902
190  11.993994552097977
200  11.995974426802725
210  11.997301576863043
220  11.998191192391932
230  11.998787519674659
240  11.99918724991382
250  11.999455197178232
260  11.999634807649173
270  11.999755204180717
280  11.999835908410997
290  11.999890006088911
300  11.999926268856617
310  11.999950576523275
320  11.999966870443892
330  11.99997779258845
340  11.999985113922863
350  11.999990021561404
360  11.99999331125078
370  11.999995516396108
380  11.999996994549624
390  11.999997985385825
400  11.99999864956337
410  11.999999094775012
420  11.99999939320938
430  11.999999593255975
440  11.999999727351252
450  11.99999981723803
460  11.999999877490954
470  11.999999917879709
480  11.999999944953107
490  11.999999963100954
500  11.999999975265824
510  11.999999983420182
520  11.999999988886213
530  11.999999992550203
540  11.99999999500625
550  11.999999996652589
560  11.999999997756163
570  11.999999998495909
580  11.999999998991779
590  11.999999999324169
600  11.999999999546977
610  11.99999999969633
620  11.999999999796444
630  11.999999999863551
640  11.999999999908535
650  11.99999999993869
660  11.999999999958902
670  11.999999999972452
680  11.999999999981533
690  11.999999999987622
700  11.999999999991703
710  11.999999999994438
720  11.999999999996273
730  11.9999999999975
740  11.999999999998325
750  11.999999999998877
760  11.999999999999247
770  11.999999999999496
780  11.999999999999662
790  11.999999999999773
800  11.999999999999847
810  11.999999999999899
820  11.999999999999932
830  11.999999999999954
840  11.99999999999997
850  11.99999999999998
860  11.999999999999986
870  11.999999999999991
880  11.999999999999993
890  11.999999999999996
900  11.999999999999996
910  11.999999999999998
920  11.999999999999998
930  11.999999999999998
940  12.0
950  12.0
960  12.0
970  12.0
980  12.0
990  12.0
1000  12.0
